350	0.00009999000099990002, 51, 1_50_218_222_227_231_283_284_286_288_290_363_364_365_377_383_385_387_390_393_394_395_404_409_410_411_414_418_419_468_475_483_503_504_506_507_508_509_510_512_513_534_535_537_540_543_545_10179_161328_336488_512248
230	0.00009999000099990002, 58, 1_50_218_222_227_228_229_231_232_233_234_235_236_237_290_334_335_340_342_343_345_347_349_357_377_382_385_393_395_404_409_410_411_414_418_419_468_475_483_503_504_506_507_508_509_510_511_512_534_535_537_540_541_545_7468_10179_161328_336488
351	0.00009999000099990002, 55, 1_50_218_222_227_231_239_289_290_335_340_342_343_347_349_357_358_382_384_385_391_393_395_404_409_410_411_414_418_419_468_475_483_490_503_504_506_507_508_509_510_511_512_534_535_537_540_541_543_545_10179_161328_313947_314015_336488
110	0.00009999000099990002, 1, 109
231	0.00009999000099990002, 53, 1_50_218_222_227_228_229_230_232_233_234_235_236_237_290_335_340_342_343_347_349_357_382_385_393_395_404_409_410_411_414_418_419_468_475_483_503_504_506_507_508_509_510_511_512_534_535_537_540_545_10179_161328_336488
352	0.00009999000099990002, 55, 1_50_218_221_222_227_231_289_290_335_340_342_343_347_349_357_358_382_384_385_391_393_395_404_409_410_411_414_418_419_468_475_483_490_503_504_506_507_508_509_510_511_512_534_535_537_540_543_545_10179_161328_188565_313947_314016_336488
111	0.00009999000099990002, 4, 136_150_151_152
232	0.00009999000099990002, 53, 1_50_218_222_227_228_229_230_231_233_234_235_236_237_290_335_340_342_343_347_349_357_382_385_393_395_404_409_410_411_414_418_419_468_475_483_503_504_506_507_508_509_510_511_512_534_535_537_540_545_10179_161328_336488
353	0.00009999000099990002, 54, 1_50_218_222_227_231_289_290_335_340_342_343_347_349_357_358_382_384_385_391_393_395_404_409_410_411_414_418_419_468_475_483_490_503_504_506_507_508_509_510_511_512_534_535_537_540_543_544_545_10179_161328_313947_314017_336488
112	0.00009999000099990002, 2, 102_113
233	0.00009999000099990002, 53, 1_50_218_222_227_228_229_230_231_232_234_235_236_237_290_335_340_342_343_347_349_357_382_385_393_395_404_409_410_411_414_418_419_468_475_483_503_504_506_507_508_509_510_511_512_534_535_537_540_545_10179_161328_336488
354	0.00009999000099990002, 53, 1_50_218_222_227_231_289_290_335_340_342_343_347_349_357_358_382_384_385_391_393_395_404_409_410_411_414_418_419_468_475_483_503_504_506_507_508_509_510_511_512_534_535_537_540_543_544_545_10179_161328_313947_314018_336488
113	0.00009999000099990002, 1, 112
234	0.00009999000099990002, 53, 1_50_218_222_227_228_229_230_231_232_233_235_236_237_290_335_340_342_343_347_349_357_382_385_393_395_404_409_410_411_414_418_419_468_475_483_503_504_506_507_508_509_510_511_512_534_535_537_540_545_10179_161328_336488
355	0.00009999000099990002, 53, 1_50_218_222_227_231_289_290_335_340_342_343_347_349_357_358_382_384_385_391_393_395_404_409_410_411_414_418_419_468_475_483_503_504_506_507_508_509_510_511_512_534_535_537_540_543_544_545_8187_10179_161328_313947_336488
114	0.00009999000099990002, 1, 102
235	0.00009999000099990002, 54, 1_50_218_222_227_228_229_230_231_232_233_234_236_237_290_335_340_342_343_347_349_357_377_382_385_393_395_404_409_410_411_414_418_419_468_475_483_503_504_506_507_508_509_510_511_512_534_535_537_540_545_10179_161328_336488
356	0.00009999000099990002, 51, 1_50_218_222_227_231_289_290_335_340_342_343_347_349_357_358_382_384_385_391_393_395_404_409_410_411_414_418_419_468_475_483_503_504_506_507_508_509_510_511_512_534_535_537_540_543_545_10179_161328_313947_336488
115	0.00009999000099990002, 3, 102_116_117
236	0.00009999000099990002, 54, 1_50_218_222_227_228_229_230_231_232_233_234_235_237_290_335_340_342_343_347_349_357_377_382_385_393_395_404_409_410_411_414_418_419_468_475_483_503_504_506_507_508_509_510_511_512_534_535_537_540_545_10179_161328_336488
357	0.00009999000099990002, 49, 1_50_218_222_227_231_289_290_335_340_342_343_347_349_358_382_384_385_391_393_395_404_409_410_411_414_418_419_468_475_483_503_504_506_507_508_509_510_511_512_534_535_537_540_543_545_10179_161328_336488
116	0.00009999000099990002, 1, 115
237	0.00009999000099990002, 53, 1_50_218_222_227_228_229_230_231_232_233_234_235_236_290_335_340_342_343_347_349_357_382_385_393_395_404_409_410_411_414_418_419_468_475_483_503_504_506_507_508_509_510_511_512_534_535_537_540_545_10179_161328_336488
358	0.00009999000099990002, 53, 1_50_218_222_227_231_289_290_335_340_342_343_347_349_357_382_384_385_391_393_395_404_409_410_411_414_418_419_468_475_483_490_503_504_506_507_508_509_510_511_512_534_535_537_540_543_544_545_10179_161328_313947_314017_336488
117	0.00009999000099990002, 4, 136_163_164_165
238	0.00009999000099990002, 49, 1_50_218_220_222_227_231_239_290_335_340_342_343_347_349_357_382_385_393_395_404_409_410_411_414_418_468_475_483_503_504_506_507_508_509_510_511_512_534_535_537_540_545_8361_8435_10179_161328_244072_336488
359	0.00009999000099990002, 50, 1_50_218_222_227_231_289_290_335_340_342_343_347_349_357_377_382_384_385_391_393_395_404_409_410_411_414_418_419_468_475_483_503_504_506_507_508_509_510_511_512_534_535_537_540_543_545_10179_161328_336488
118	0.00009999000099990002, 3, 102_119_120
239	0.00009999000099990002, 46, 1_50_218_220_222_227_231_290_335_340_342_343_347_349_357_382_385_393_395_404_409_410_411_414_418_468_475_483_503_504_506_507_508_509_510_511_512_534_535_537_540_541_545_10179_161328_336488
119	0.00009999000099990002, 1, 118
10	0.00009999000099990002, 16, 1_2_14_22_23_24_26_27_34_36_49_5895_8274_8359_161328_334367
11	0.00009999000099990002, 16, 1_2_14_22_23_24_26_27_34_36_49_5895_8274_8359_161328_334367
12	0.00009999000099990002, 16, 1_2_14_22_23_24_26_27_34_36_49_5895_8274_8359_161328_334367
13	0.00009999000099990002, 16, 1_2_14_22_23_24_26_27_34_36_49_5895_8274_8359_161328_334367
14	0.00009999000099990002, 21, 1_2_13_22_23_24_26_27_34_36_49_5895_7479_8274_8283_8359_161328_314311_331280_334367_341311
15	0.00009999000099990002, 21, 2_12_21_22_23_25_26_27_33_36_219_543_548_6352_8274_8359_9909_9910_90496_161328_334367
16	0.00009999000099990002, 20, 1_2_14_17_19_20_22_23_24_26_27_34_36_49_5895_8274_8359_161328_331113_334367
17	0.00009999000099990002, 21, 1_2_14_16_18_19_20_22_23_24_26_27_34_36_49_5895_8274_8359_161328_334367_335731
18	0.00009999000099990002, 23, 1_2_14_16_17_19_20_22_23_24_26_27_34_36_49_5895_8274_8359_161328_291579_331099_334367_343303
19	0.00009999000099990002, 19, 1_2_14_16_17_20_22_23_24_26_27_34_36_49_5895_8274_8359_161328_334367
360	0.00009999000099990002, 54, 1_50_218_222_227_231_262_263_265_283_284_288_290_363_364_365_377_383_385_387_390_393_394_395_404_409_410_411_414_418_419_468_475_483_503_504_506_507_508_509_510_512_513_534_535_537_540_543_545_7420_7468_10179_161328_336488
240	0.00009999000099990002, 49, 1_50_218_222_227_231_283_284_287_288_290_363_364_365_383_385_387_390_393_394_395_404_409_410_411_414_418_419_468_475_483_503_504_506_507_508_509_510_512_513_534_535_537_540_543_545_10179_161328_336488
361	0.00009999000099990002, 58, 1_50_218_222_227_231_267_268_269_270_271_272_273_274_275_283_284_288_290_363_364_365_377_383_385_387_390_393_394_395_404_409_410_411_414_418_419_468_475_483_503_504_506_507_508_509_510_512_513_534_535_537_540_543_545_10179_161328_336488
120	0.00009999000099990002, 2, 118_121
241	0.00009999000099990002, 49, 1_50_218_222_227_231_283_284_287_288_290_363_364_365_383_385_387_390_393_394_395_404_409_410_411_414_418_419_468_475_483_503_504_506_507_508_509_510_512_513_534_535_537_540_543_545_10179_161328_336488
362	0.00009999000099990002, 57, 1_50_218_222_227_231_276_277_278_279_280_281_282_283_284_288_290_363_364_365_377_383_385_387_390_393_394_395_404_409_410_411_414_418_419_468_475_483_503_504_506_507_508_509_510_512_513_534_535_537_540_543_545_8357_10179_161328_336488
0	0.00009999000099990002, 7, 303743_303746_303747_303759_303761_312703_341837
121	0.00009999000099990002, 1, 120
242	0.00009999000099990002, 49, 1_50_218_222_227_231_283_284_287_288_290_363_364_365_383_385_387_390_393_394_395_404_409_410_411_414_418_419_468_475_483_503_504_506_507_508_509_510_512_513_534_535_537_540_543_545_10179_161328_336488
363	0.00009999000099990002, 52, 1_50_218_222_227_231_289_290_334_335_340_341_342_343_347_349_357_377_382_384_385_391_393_395_404_409_410_411_414_418_419_468_475_483_503_504_506_507_508_509_510_511_512_534_535_537_540_543_545_10179_161328_336488
1	0.00009999000099990002, 17, 2_14_22_23_24_26_27_34_36_49_219_5895_8274_8359_161328_333200_334367
122	0.00009999000099990002, 3, 102_123_124
243	0.00009999000099990002, 49, 1_50_218_222_227_231_283_284_287_288_290_363_364_365_383_385_387_390_393_394_395_404_409_410_411_414_418_419_468_475_483_503_504_506_507_508_509_510_512_513_534_535_537_540_543_545_10179_161328_336488
364	0.00009999000099990002, 50, 1_50_218_222_227_231_284_288_290_363_365_383_385_386_387_388_389_390_392_393_394_395_404_409_410_411_414_418_419_468_475_483_503_504_506_507_508_509_510_512_513_534_535_537_540_543_545_10179_161328_336488
2	0.00009999000099990002, 22, 1_3_4_6_7_14_22_23_24_26_27_34_36_49_5895_8274_8359_161328_291579_331099_334367_343303
123	0.00009999000099990002, 1, 122
244	0.00009999000099990002, 49, 1_50_218_222_227_231_283_284_287_288_290_363_364_365_383_385_387_390_393_394_395_404_409_410_411_414_418_419_468_475_483_503_504_506_507_508_509_510_512_513_534_535_537_540_543_545_10179_161328_336488
365	0.00009999000099990002, 50, 1_50_218_222_227_231_289_290_335_340_342_343_347_349_357_359_382_384_385_391_393_395_404_409_410_411_414_418_419_468_475_483_503_504_506_507_508_509_510_511_512_534_535_537_540_543_545_10179_161328_336488
3	0.00009999000099990002, 20, 1_2_4_6_7_14_22_23_24_26_27_34_36_49_5895_8274_8359_161328_331113_334367
124	0.00009999000099990002, 1, 122
245	0.00009999000099990002, 49, 1_50_218_222_227_231_283_284_287_288_290_363_364_365_383_385_387_390_393_394_395_404_409_410_411_414_418_419_468_475_483_503_504_506_507_508_509_510_512_513_534_535_537_540_543_545_10179_161328_336488
366	0.00009999000099990002, 49, 1_50_218_222_227_231_289_290_335_340_342_343_347_349_357_382_384_385_391_393_395_404_409_410_411_414_418_419_468_475_483_503_504_506_507_508_509_510_511_512_534_535_537_540_543_545_10179_161328_336488
4	0.00009999000099990002, 21, 1_2_3_6_7_14_18_22_23_24_26_27_34_36_49_5895_8274_8359_161328_334367_335731
125	0.00009999000099990002, 1, 102
246	0.00009999000099990002, 49, 1_50_218_222_227_231_283_284_287_288_290_363_364_365_383_385_387_390_393_394_395_404_409_410_411_414_418_419_468_475_483_503_504_506_507_508_509_510_512_513_534_535_537_540_543_545_10179_161328_336488
367	0.00009999000099990002, 54, 1_50_218_222_227_231_289_290_334_335_337_338_339_340_342_343_347_349_357_377_382_384_385_391_393_395_404_409_410_411_414_418_419_468_475_483_503_504_506_507_508_509_510_511_512_534_535_537_540_543_545_10179_161328_336488
5	0.00009999000099990002, 23, 1_2_3_4_6_7_14_22_23_24_26_27_34_36_49_5895_8274_8359_161328_291579_331099_334367_343303
126	0.00009999000099990002, 2, 102_127
247	0.00009999000099990002, 49, 1_50_218_222_227_231_283_284_287_288_290_363_364_365_383_385_387_390_393_394_395_404_409_410_411_414_418_419_468_475_483_503_504_506_507_508_509_510_512_513_534_535_537_540_543_545_10179_161328_336488
368	0.00009999000099990002, 49, 1_50_218_222_227_231_289_290_335_340_342_343_347_349_357_382_384_385_391_393_395_404_409_410_411_414_418_419_468_475_483_503_504_506_507_508_509_510_511_512_534_535_537_540_543_545_10179_161328_336488
6	0.00009999000099990002, 19, 1_2_3_4_7_14_22_23_24_26_27_34_36_49_5895_8274_8359_161328_334367
127	0.00009999000099990002, 1, 126
248	0.00009999000099990002, 49, 1_50_218_222_227_231_283_284_287_288_290_363_364_365_383_385_387_390_393_394_395_404_409_410_411_414_418_419_468_475_483_503_504_506_507_508_509_510_512_513_534_535_537_540_543_545_10179_161328_336488
369	0.00009999000099990002, 49, 1_50_218_222_227_231_289_290_335_340_342_343_347_349_357_382_384_385_391_393_395_404_409_410_411_414_418_419_468_475_483_503_504_506_507_508_509_510_511_512_534_535_537_540_543_545_10179_161328_336488
7	0.00009999000099990002, 21, 1_2_5_12_14_18_22_23_24_26_27_34_36_49_5895_8274_8359_161328_331113_334367_335731
128	0.00009999000099990002, 2, 102_129
249	0.00009999000099990002, 49, 1_50_218_222_227_231_283_284_287_288_290_363_364_365_383_385_387_390_393_394_395_404_409_410_411_414_418_419_468_475_483_503_504_506_507_508_509_510_512_513_534_535_537_540_543_545_10179_161328_336488
8	0.00009999000099990002, 16, 1_2_14_22_23_24_26_27_34_36_49_5895_8274_8359_161328_334367
129	0.00009999000099990002, 1, 128
9	0.00009999000099990002, 16, 1_2_14_22_23_24_26_27_34_36_49_5895_8274_8359_161328_334367
20	0.00009999000099990002, 21, 1_2_5_12_14_18_22_23_24_26_27_34_36_49_5895_8274_8359_161328_331113_334367_335731
21	0.00009999000099990002, 16, 1_2_14_22_23_24_26_27_34_36_49_5895_8274_8359_161328_334367
22	0.00009999000099990002, 16, 1_2_14_23_24_26_27_34_36_49_5540_5895_8274_8359_161328_334367
23	0.00009999000099990002, 19, 1_2_14_22_24_26_27_34_36_49_5895_7481_8274_8359_161328_187638_190426_316850_334367
24	0.00009999000099990002, 15, 1_2_14_22_23_26_27_34_36_49_5895_8274_8359_161328_334367
25	0.00009999000099990002, 16, 1_2_14_22_23_24_26_27_34_36_49_5895_8274_8359_161328_334367
26	0.00009999000099990002, 16, 1_2_14_22_23_24_27_34_36_49_5895_8274_8359_9909_161328_334367
27	0.00009999000099990002, 20, 1_2_14_22_23_24_26_28_29_30_31_32_34_36_49_5895_8274_8359_161328_334367
28	0.00009999000099990002, 2, 9097_9911
29	0.00009999000099990002, 6, 27_548_6352_9909_9910_161328
370	0.00009999000099990002, 54, 1_50_218_222_227_231_289_290_334_335_337_338_339_340_342_343_347_349_357_377_382_384_385_391_393_395_404_409_410_411_414_418_419_468_475_483_503_504_506_507_508_509_510_511_512_534_535_537_540_543_545_10179_161328_336488
250	0.00009999000099990002, 49, 1_50_218_222_227_231_283_284_287_288_290_363_364_365_383_385_387_390_393_394_395_404_409_410_411_414_418_419_468_475_483_503_504_506_507_508_509_510_512_513_534_535_537_540_543_545_10179_161328_336488
371	0.00009999000099990002, 49, 1_50_218_222_227_231_289_290_335_340_342_343_347_349_357_382_384_385_391_393_395_404_409_410_411_414_418_419_468_475_483_503_504_506_507_508_509_510_511_512_534_535_537_540_543_545_10179_161328_336488
130	0.00009999000099990002, 8, 64_83_102_131_136_153_166_167
251	0.00009999000099990002, 50, 1_50_218_222_227_231_283_284_286_287_288_290_363_364_365_383_385_387_390_393_394_395_404_409_410_411_414_418_419_468_475_483_503_504_506_507_508_509_510_512_513_534_535_537_540_543_545_10179_161328_336488
372	0.00009999000099990002, 53, 1_50_218_222_227_231_289_290_334_335_340_342_343_345_347_349_357_377_382_384_385_391_393_395_404_409_410_411_414_418_419_468_475_483_503_504_506_507_508_509_510_511_512_534_535_537_540_543_545_7468_10179_161328_336488
131	0.00009999000099990002, 6, 102_130_136_153_166_167
252	0.00009999000099990002, 50, 1_50_218_222_227_231_283_284_286_287_288_290_363_364_365_383_385_387_390_393_394_395_404_409_410_411_414_418_419_468_475_483_503_504_506_507_508_509_510_512_513_534_535_537_540_543_545_10179_161328_336488
373	0.00009999000099990002, 49, 1_50_218_222_227_231_289_290_335_340_342_343_347_349_357_382_384_385_391_393_395_404_409_410_411_414_418_419_468_475_483_503_504_506_507_508_509_510_511_512_534_535_537_540_543_545_10179_161328_336488
132	0.00009999000099990002, 8, 102_130_131_133_136_153_166_167
253	0.00009999000099990002, 50, 1_50_218_222_227_231_283_284_286_287_288_290_363_364_365_383_385_387_390_393_394_395_404_409_410_411_414_418_419_468_475_483_503_504_506_507_508_509_510_512_513_534_535_537_540_543_545_10179_161328_336488
374	0.00009999000099990002, 36, 1_50_218_222_289_290_335_340_342_343_347_349_357_382_384_385_387_391_393_395_404_410_413_418_475_483_503_504_509_511_540_543_545_10179_161328_336488
133	0.00009999000099990002, 9, 102_130_131_132_134_136_153_166_167
254	0.00009999000099990002, 50, 1_50_218_222_227_231_283_284_286_287_288_290_363_364_365_383_385_387_390_393_394_395_404_409_410_411_414_418_419_468_475_483_503_504_506_507_508_509_510_512_513_534_535_537_540_543_545_10179_161328_336488
375	0.00009999000099990002, 39, 1_50_218_222_289_290_334_335_340_342_343_347_348_349_357_377_382_384_385_387_391_393_395_404_410_413_418_475_483_503_504_509_511_540_543_545_10179_161328_336488
134	0.00009999000099990002, 9, 102_130_131_133_135_136_153_166_167
255	0.00009999000099990002, 50, 1_50_218_222_227_231_283_284_286_287_288_290_363_364_365_383_385_387_390_393_394_395_404_409_410_411_414_418_419_468_475_483_503_504_506_507_508_509_510_512_513_534_535_537_540_543_545_10179_161328_336488
376	0.00009999000099990002, 36, 1_50_218_222_289_290_335_340_342_343_347_349_357_382_384_385_387_391_393_395_404_410_413_418_475_483_503_504_509_511_540_543_545_10179_161328_336488
135	0.00009999000099990002, 8, 102_130_131_134_136_153_166_167
256	0.00009999000099990002, 50, 1_50_218_222_227_231_283_284_286_287_288_290_363_364_365_383_385_387_390_393_394_395_404_409_410_411_414_418_419_468_475_483_503_504_506_507_508_509_510_512_513_534_535_537_540_543_545_10179_161328_336488
377	0.00009999000099990002, 42, 1_50_218_222_289_290_334_335_336_340_342_343_347_349_357_367_370_372_375_378_381_384_385_387_391_393_395_404_410_418_475_483_503_504_509_511_540_543_545_10179_161328_336488
136	0.00009999000099990002, 6, 102_130_131_153_166_167
257	0.00009999000099990002, 50, 1_50_218_222_227_231_283_284_286_287_288_290_363_364_365_383_385_387_390_393_394_395_404_409_410_411_414_418_419_468_475_483_503_504_506_507_508_509_510_512_513_534_535_537_540_543_545_10179_161328_336488
378	0.00009999000099990002, 39, 1_50_218_222_289_290_334_335_340_341_342_343_347_349_357_377_382_384_385_387_391_393_395_404_410_413_418_475_483_503_504_509_511_540_543_545_10179_161328_336488
137	0.00009999000099990002, 2, 138_141
258	0.00009999000099990002, 50, 1_50_218_222_227_231_283_284_286_287_288_290_363_364_365_383_385_387_390_393_394_395_404_409_410_411_414_418_419_468_475_483_503_504_506_507_508_509_510_512_513_534_535_537_540_543_545_10179_161328_336488
379	0.00009999000099990002, 36, 1_50_218_222_289_290_335_340_342_343_347_349_357_382_384_385_387_391_393_395_404_410_413_418_475_483_503_504_509_511_540_543_545_10179_161328_336488
138	0.00009999000099990002, 3, 137_139_141
259	0.00009999000099990002, 50, 1_50_218_222_227_231_283_284_286_287_288_290_363_364_365_383_385_387_390_393_394_395_404_409_410_411_414_418_419_468_475_483_503_504_506_507_508_509_510_512_513_534_535_537_540_543_545_10179_161328_336488
139	0.00009999000099990002, 4, 137_138_140_141
30	0.00009999000099990002, 6, 27_548_6352_9909_9910_161328
31	0.00009999000099990002, 20, 2_12_21_22_23_25_26_27_33_219_543_548_6352_8274_8359_9909_9910_90496_161328_334367
32	0.00009999000099990002, 20, 1_2_14_22_23_24_26_27_28_29_30_31_34_36_49_5895_8274_8359_161328_334367
33	0.00009999000099990002, 16, 1_2_14_22_23_24_26_27_34_36_49_5895_8274_8359_161328_334367
34	0.00009999000099990002, 19, 1_2_14_22_23_24_26_27_36_49_5895_8274_8359_129581_129971_161328_304420_312407_334367
35	0.00009999000099990002, 18, 1_2_14_22_23_24_26_27_34_36_49_219_5895_8274_8359_161328_333200_334367
36	0.00009999000099990002, 3, 34_44_9909
37	0.00009999000099990002, 2, 36_44
38	0.00009999000099990002, 3, 36_44_48
39	0.00009999000099990002, 2, 36_44
380	0.00009999000099990002, 36, 1_50_218_222_289_290_335_340_342_343_347_349_357_382_384_385_387_391_393_395_404_410_413_418_475_483_503_504_509_511_540_543_545_10179_161328_336488
260	0.00009999000099990002, 50, 1_50_218_222_227_231_283_284_287_288_290_360_363_364_365_383_385_387_390_393_394_395_404_409_410_411_414_418_419_468_475_483_503_504_506_507_508_509_510_512_513_534_535_537_540_543_545_10179_161328_336488
381	0.00009999000099990002, 18, 1_50_218_222_289_290_335_340_342_343_347_349_357_359_377_382_384_385
140	0.00009999000099990002, 3, 137_139_141
261	0.00009999000099990002, 50, 1_50_218_222_227_231_283_284_287_288_290_360_363_364_365_383_385_387_390_393_394_395_404_409_410_411_414_418_419_468_475_483_503_504_506_507_508_509_510_512_513_534_535_537_540_543_545_10179_161328_336488
141	0.00009999000099990002, 2, 137_140
262	0.00009999000099990002, 50, 1_50_218_222_227_231_283_284_287_288_290_360_363_364_365_383_385_387_390_393_394_395_404_409_410_411_414_418_419_468_475_483_503_504_506_507_508_509_510_512_513_534_535_537_540_543_545_10179_161328_336488
142	0.00009999000099990002, 3, 102_143_145
263	0.00009999000099990002, 50, 1_50_218_222_227_231_283_284_287_288_290_360_363_364_365_383_385_387_390_393_394_395_404_409_410_411_414_418_419_468_475_483_503_504_506_507_508_509_510_512_513_534_535_537_540_543_545_10179_161328_336488
143	0.00009999000099990002, 2, 142_144
264	0.00009999000099990002, 50, 1_50_218_222_227_231_283_284_287_288_290_360_363_364_365_383_385_387_390_393_394_395_404_409_410_411_414_418_419_468_475_483_503_504_506_507_508_509_510_512_513_534_535_537_540_543_545_10179_161328_336488
144	0.00009999000099990002, 1, 143
265	0.00009999000099990002, 50, 1_50_218_222_227_231_283_284_287_288_290_360_363_364_365_383_385_387_390_393_394_395_404_409_410_411_414_418_419_468_475_483_503_504_506_507_508_509_510_512_513_534_535_537_540_543_545_10179_161328_336488
145	0.00009999000099990002, 1, 142
266	0.00009999000099990002, 50, 1_50_218_222_227_231_283_284_287_288_290_360_363_364_365_383_385_387_390_393_394_395_404_409_410_411_414_418_419_468_475_483_503_504_506_507_508_509_510_512_513_534_535_537_540_543_545_10179_161328_336488
146	0.00009999000099990002, 4, 102_136_153_167
267	0.00009999000099990002, 50, 1_50_218_222_227_231_283_284_287_288_290_361_363_364_365_383_385_387_390_393_394_395_404_409_410_411_414_418_419_468_475_483_503_504_506_507_508_509_510_512_513_534_535_537_540_543_545_10179_161328_336488
147	0.00009999000099990002, 4, 136_150_151_152
268	0.00009999000099990002, 50, 1_50_218_222_227_231_283_284_287_288_290_361_363_364_365_383_385_387_390_393_394_395_404_409_410_411_414_418_419_468_475_483_503_504_506_507_508_509_510_512_513_534_535_537_540_543_545_10179_161328_336488
148	0.00009999000099990002, 4, 136_150_151_152
269	0.00009999000099990002, 50, 1_50_218_222_227_231_283_284_287_288_290_361_363_364_365_383_385_387_390_393_394_395_404_409_410_411_414_418_419_468_475_483_503_504_506_507_508_509_510_512_513_534_535_537_540_543_545_10179_161328_336488
149	0.00009999000099990002, 4, 136_150_151_152
40	0.00009999000099990002, 4, 36_37_41_44
41	0.00009999000099990002, 4, 36_37_40_44
42	0.00009999000099990002, 2, 36_44
43	0.00009999000099990002, 2, 36_44
44	0.00009999000099990002, 12, 34_36_38_39_40_42_43_45_46_47_48_49
45	0.00009999000099990002, 2, 36_44
46	0.00009999000099990002, 2, 36_44
47	0.00009999000099990002, 3, 36_37_44
48	0.00009999000099990002, 2, 36_44
49	0.00009999000099990002, 3, 34_36_44
270	0.00009999000099990002, 50, 1_50_218_222_227_231_283_284_287_288_290_361_363_364_365_383_385_387_390_393_394_395_404_409_410_411_414_418_419_468_475_483_503_504_506_507_508_509_510_512_513_534_535_537_540_543_545_10179_161328_336488
150	0.00009999000099990002, 3, 136_151_152
271	0.00009999000099990002, 50, 1_50_218_222_227_231_283_284_287_288_290_361_363_364_365_383_385_387_390_393_394_395_404_409_410_411_414_418_419_468_475_483_503_504_506_507_508_509_510_512_513_534_535_537_540_543_545_10179_161328_336488
151	0.00009999000099990002, 3, 136_150_152
272	0.00009999000099990002, 50, 1_50_218_222_227_231_283_284_287_288_290_361_363_364_365_383_385_387_390_393_394_395_404_409_410_411_414_418_419_468_475_483_503_504_506_507_508_509_510_512_513_534_535_537_540_543_545_10179_161328_336488
152	0.00009999000099990002, 3, 136_150_151
273	0.00009999000099990002, 50, 1_50_218_222_227_231_283_284_287_288_290_361_363_364_365_383_385_387_390_393_394_395_404_409_410_411_414_418_419_468_475_483_503_504_506_507_508_509_510_512_513_534_535_537_540_543_545_10179_161328_336488
153	0.00009999000099990002, 8, 64_102_130_131_136_166_167_306427
274	0.00009999000099990002, 50, 1_50_218_222_227_231_283_284_287_288_290_361_363_364_365_383_385_387_390_393_394_395_404_409_410_411_414_418_419_468_475_483_503_504_506_507_508_509_510_512_513_534_535_537_540_543_545_10179_161328_336488
154	0.00009999000099990002, 4, 102_155_157_159
275	0.00009999000099990002, 50, 1_50_218_222_227_231_283_284_287_288_290_361_363_364_365_383_385_387_390_393_394_395_404_409_410_411_414_418_419_468_475_483_503_504_506_507_508_509_510_512_513_534_535_537_540_543_545_10179_161328_336488
155	0.00009999000099990002, 2, 154_156
276	0.00009999000099990002, 50, 1_50_218_222_227_231_283_284_287_288_290_362_363_364_365_383_385_387_390_393_394_395_404_409_410_411_414_418_419_468_475_483_503_504_506_507_508_509_510_512_513_534_535_537_540_543_545_10179_161328_336488
156	0.00009999000099990002, 1, 155
277	0.00009999000099990002, 50, 1_50_218_222_227_231_283_284_287_288_290_362_363_364_365_383_385_387_390_393_394_395_404_409_410_411_414_418_419_468_475_483_503_504_506_507_508_509_510_512_513_534_535_537_540_543_545_10179_161328_336488
157	0.00009999000099990002, 2, 154_158
278	0.00009999000099990002, 50, 1_50_218_222_227_231_283_284_287_288_290_362_363_364_365_383_385_387_390_393_394_395_404_409_410_411_414_418_419_468_475_483_503_504_506_507_508_509_510_512_513_534_535_537_540_543_545_10179_161328_336488
158	0.00009999000099990002, 1, 157
279	0.00009999000099990002, 50, 1_50_218_222_227_231_283_284_287_288_290_362_363_364_365_383_385_387_390_393_394_395_404_409_410_411_414_418_419_468_475_483_503_504_506_507_508_509_510_512_513_534_535_537_540_543_545_10179_161328_336488
159	0.00009999000099990002, 1, 154
50	0.00009999000099990002, 14, 1_51_53_55_57_60_62_63_218_219_8354_161328_333995_336488
51	0.00009999000099990002, 14, 1_52_60_61_63_218_219_3922_4681_161328_333995_334369_336488_341337
52	0.00009999000099990002, 18, 1_51_60_61_63_218_219_161328_208002_324008_324076_324725_325020_331095_333020_333995_334369_336488
53	0.00009999000099990002, 13, 1_51_55_57_60_61_62_63_218_219_161328_333995_336488
54	0.00009999000099990002, 12, 1_51_58_59_60_61_63_218_219_161328_333995_336488
55	0.00009999000099990002, 14, 1_51_53_57_60_61_62_63_218_219_161328_306427_333995_336488
56	0.00009999000099990002, 15, 1_20_51_60_61_63_218_219_161328_333995_334368_336488_341311_342579_343303
57	0.00009999000099990002, 14, 1_51_53_55_60_61_62_63_218_219_80124_161328_333995_336488
58	0.00009999000099990002, 23, 1_51_54_59_60_61_63_64_65_218_219_4495_6338_7573_8357_14591_161328_306427_306442_314329_333995_336488_414654
59	0.00009999000099990002, 12, 1_51_54_58_60_61_63_218_219_161328_333995_336488
280	0.00009999000099990002, 50, 1_50_218_222_227_231_283_284_287_288_290_362_363_364_365_383_385_387_390_393_394_395_404_409_410_411_414_418_419_468_475_483_503_504_506_507_508_509_510_512_513_534_535_537_540_543_545_10179_161328_336488
160	0.00009999000099990002, 4, 136_163_164_165
281	0.00009999000099990002, 50, 1_50_218_222_227_231_283_284_287_288_290_362_363_364_365_383_385_387_390_393_394_395_404_409_410_411_414_418_419_468_475_483_503_504_506_507_508_509_510_512_513_534_535_537_540_543_545_10179_161328_336488
161	0.00009999000099990002, 4, 136_163_164_165
282	0.00009999000099990002, 50, 1_50_218_222_227_231_283_284_287_288_290_362_363_364_365_383_385_387_390_393_394_395_404_409_410_411_414_418_419_468_475_483_503_504_506_507_508_509_510_512_513_534_535_537_540_543_545_10179_161328_336488
162	0.00009999000099990002, 4, 136_163_164_165
283	0.00009999000099990002, 87, 1_50_218_222_227_231_240_241_242_243_244_245_246_247_248_249_250_260_261_262_263_264_265_266_267_268_269_270_271_272_273_274_275_276_277_278_279_280_281_282_284_285_286_288_290_350_363_364_365_377_383_385_387_390_393_394_395_404_409_410_411_414_418_419_468_475_483_503_504_506_507_508_509_510_512_513_534_535_537_540_543_545_7420_8357_10179_161328_336488
163	0.00009999000099990002, 3, 136_164_165
284	0.00009999000099990002, 49, 1_50_218_222_227_231_283_288_290_350_363_364_365_377_383_385_387_390_393_394_395_404_409_410_411_414_418_419_468_475_483_503_504_506_507_508_509_510_512_513_534_535_537_540_543_545_10179_161328_336488
164	0.00009999000099990002, 3, 136_163_165
285	0.00009999000099990002, 51, 1_50_218_222_227_231_283_284_287_288_290_363_364_365_377_383_385_387_390_393_394_395_404_409_410_411_414_418_419_468_475_483_503_504_506_507_508_509_510_512_513_534_535_537_540_543_545_7420_10179_161328_336488
165	0.00009999000099990002, 3, 136_163_164
286	0.00009999000099990002, 60, 1_50_218_222_227_231_251_252_253_254_255_256_257_258_259_283_284_287_288_290_350_363_364_365_377_383_385_387_390_393_394_395_404_409_410_411_414_418_419_468_475_483_503_504_506_507_508_509_510_512_513_534_535_537_540_543_545_10179_161328_336488
166	0.00009999000099990002, 6, 102_130_131_136_153_167
287	0.00009999000099990002, 64, 1_50_218_222_227_231_240_241_242_243_244_245_246_247_248_249_250_283_284_285_286_288_290_363_364_365_377_383_385_387_390_393_394_395_404_409_410_411_414_418_419_468_475_483_503_504_506_507_508_509_510_512_513_534_535_537_540_542_543_545_8357_10179_161328_336488
167	0.00009999000099990002, 8, 64_102_130_131_132_136_153_166
288	0.00009999000099990002, 52, 1_50_218_222_227_231_283_284_285_286_287_290_350_363_364_365_377_383_385_387_390_393_394_395_404_409_410_411_414_418_419_468_475_483_503_504_506_507_508_509_510_512_513_534_535_537_540_543_545_10179_161328_336488
168	0.00009999000099990002, 3, 64_169_10221
289	0.00009999000099990002, 48, 1_50_218_222_227_231_290_335_340_342_343_347_349_357_382_384_385_391_393_395_404_409_410_411_414_418_419_468_475_483_503_504_506_507_508_509_510_511_512_534_535_537_540_543_545_10179_161328_336488
169	0.00009999000099990002, 5, 64_168_171_172_10221
60	0.00009999000099990002, 25, 1_51_54_58_59_61_63_64_65_218_219_4495_6338_7573_8357_8918_14591_161328_306427_306442_333995_336488_341339_414654_486273
61	0.00009999000099990002, 14, 1_51_53_55_57_60_62_63_218_219_8354_161328_333995_336488
62	0.00009999000099990002, 21, 1_51_53_55_57_60_61_63_67_218_219_11336_161328_306264_314313_333995_336488_445209_630868_649899_650247
63	0.00009999000099990002, 18, 1_51_56_60_61_218_219_8286_161328_303746_312987_324010_330075_333995_334368_336488_341311_341549
64	0.00009999000099990002, 14, 1_72_73_80_81_82_83_86_88_146_174_218_161328_329931
65	0.00009999000099990002, 6, 57_66_9909_161328_329931_341471
66	0.00009999000099990002, 2, 65_512248
67	0.00009999000099990002, 16, 50_64_73_81_82_86_88_96_100_146_170_174_190_191_198_161328
68	0.00009999000099990002, 16, 50_64_73_81_82_86_88_96_100_146_170_174_190_191_198_161328
69	0.00009999000099990002, 16, 50_64_73_81_82_86_88_96_100_146_170_174_190_191_198_161328
290	0.00009999000099990002, 53, 1_50_218_222_227_231_289_334_335_336_338_339_340_342_343_347_349_357_377_382_384_385_391_393_395_404_409_410_411_414_418_419_468_475_483_503_504_506_507_508_509_510_511_512_534_535_537_540_543_545_10179_161328_336488
170	0.00009999000099990002, 5, 64_168_171_172_10221
291	0.00009999000099990002, 51, 1_50_218_222_227_231_289_290_334_335_339_340_342_343_347_349_357_382_384_385_391_393_395_404_409_410_411_414_418_419_468_475_483_503_504_506_507_508_509_510_511_512_534_535_537_540_543_545_10179_161328_336488
171	0.00009999000099990002, 2, 64_10221
292	0.00009999000099990002, 51, 1_50_218_222_227_231_289_290_334_335_339_340_342_343_347_349_357_382_384_385_391_393_395_404_409_410_411_414_418_419_468_475_483_503_504_506_507_508_509_510_511_512_534_535_537_540_543_545_10179_161328_336488
172	0.00009999000099990002, 3, 64_169_10221
293	0.00009999000099990002, 51, 1_50_218_222_227_231_289_290_334_335_339_340_342_343_347_349_357_382_384_385_391_393_395_404_409_410_411_414_418_419_468_475_483_503_504_506_507_508_509_510_511_512_534_535_537_540_543_545_10179_161328_336488
173	0.00009999000099990002, 10, 175_176_177_178_180_181_183_186_187_188
294	0.00009999000099990002, 51, 1_50_218_222_227_231_289_290_334_335_339_340_342_343_347_349_357_382_384_385_391_393_395_404_409_410_411_414_418_419_468_475_483_503_504_506_507_508_509_510_511_512_534_535_537_540_543_545_10179_161328_336488
174	0.00009999000099990002, 10, 175_176_177_178_180_181_183_186_187_188
295	0.00009999000099990002, 51, 1_50_218_222_227_231_289_290_334_335_339_340_342_343_347_349_357_382_384_385_391_393_395_404_409_410_411_414_418_419_468_475_483_503_504_506_507_508_509_510_511_512_534_535_537_540_543_545_10179_161328_336488
175	0.00009999000099990002, 4, 174_176_180_188
296	0.00009999000099990002, 51, 1_50_218_222_227_231_289_290_334_335_339_340_342_343_347_349_357_382_384_385_391_393_395_404_409_410_411_414_418_419_468_475_483_503_504_506_507_508_509_510_511_512_534_535_537_540_543_545_10179_161328_336488
176	0.00009999000099990002, 9, 64_174_175_180_188_4814_10221_10261_10313
297	0.00009999000099990002, 51, 1_50_218_222_227_231_289_290_334_335_339_340_342_343_347_349_357_382_384_385_391_393_395_404_409_410_411_414_418_419_468_475_483_503_504_506_507_508_509_510_511_512_534_535_537_540_543_545_10179_161328_336488
177	0.00009999000099990002, 11, 174_175_176_178_180_181_182_183_186_187_188
298	0.00009999000099990002, 51, 1_50_218_222_227_231_289_290_334_335_339_340_342_343_347_349_357_382_384_385_391_393_395_404_409_410_411_414_418_419_468_475_483_503_504_506_507_508_509_510_511_512_534_535_537_540_543_545_10179_161328_336488
178	0.00009999000099990002, 13, 174_175_176_179_180_181_182_183_184_185_186_187_188
299	0.00009999000099990002, 51, 1_50_218_222_227_231_289_290_334_335_339_340_342_343_347_349_357_382_384_385_391_393_395_404_409_410_411_414_418_419_468_475_483_503_504_506_507_508_509_510_511_512_534_535_537_540_543_545_10179_161328_336488
179	0.00009999000099990002, 10, 174_178_180_181_182_183_184_185_186_187
70	0.00009999000099990002, 16, 50_64_73_81_82_86_88_96_100_146_170_174_190_191_198_161328
71	0.00009999000099990002, 16, 50_64_73_81_82_86_88_96_100_146_170_174_190_191_198_161328
72	0.00009999000099990002, 2, 67_191
73	0.00009999000099990002, 3, 74_75_76
74	0.00009999000099990002, 1, 64
75	0.00009999000099990002, 2, 77_79
76	0.00009999000099990002, 4, 75_77_78_79
77	0.00009999000099990002, 1, 79
78	0.00009999000099990002, 3, 64_10261_306442
79	0.00009999000099990002, 2, 64_4814
180	0.00009999000099990002, 10, 174_175_176_178_181_182_183_186_187_188
181	0.00009999000099990002, 10, 174_175_176_178_180_182_183_186_187_188
182	0.00009999000099990002, 10, 174_175_176_178_180_181_183_186_187_188
183	0.00009999000099990002, 10, 174_175_176_178_180_181_182_186_187_188
184	0.00009999000099990002, 10, 174_178_179_180_181_182_183_185_186_187
185	0.00009999000099990002, 12, 174_178_179_180_181_182_183_184_186_187_3014_3405
186	0.00009999000099990002, 10, 174_175_176_178_180_181_182_183_187_188
187	0.00009999000099990002, 10, 174_175_176_178_180_181_182_183_186_188
188	0.00009999000099990002, 18, 64_174_175_176_180_192_193_194_195_196_197_2917_3014_3028_4814_10221_10261_10313
189	0.00009999000099990002, 16, 50_64_73_81_82_86_88_96_100_146_170_174_190_191_198_161328
80	0.00009999000099990002, 16, 50_64_73_81_82_86_88_96_100_146_170_174_190_191_198_161328
81	0.00009999000099990002, 12, 64_72_80_146_174_191_4814_10221_10261_10276_10288_10313
82	0.00009999000099990002, 9, 64_72_80_173_188_4814_10221_10288_10313
83	0.00009999000099990002, 2, 84_85
84	0.00009999000099990002, 1, 85
86	0.00009999000099990002, 2, 87_93
88	0.00009999000099990002, 3, 89_90_91
190	0.00009999000099990002, 1, 80
191	0.00009999000099990002, 4, 64_72_80_161328
192	0.00009999000099990002, 5, 64_4814_10221_10261_10313
193	0.00009999000099990002, 5, 64_4814_10221_10261_10313
194	0.00009999000099990002, 4, 64_10221_10261_10313
195	0.00009999000099990002, 4, 64_4814_10261_10313
196	0.00009999000099990002, 5, 64_4814_10221_10261_10313
197	0.00009999000099990002, 4, 64_4814_10221_10313
198	0.00009999000099990002, 2, 189_191
199	0.00009999000099990002, 1, 208
90	0.00009999000099990002, 1, 64
91	0.00009999000099990002, 1, 92
92	0.00009999000099990002, 1, 64
93	0.00009999000099990002, 4, 94_97_98_99
94	0.00009999000099990002, 1, 95
95	0.00009999000099990002, 1, 404898
96	0.00009999000099990002, 4, 94_97_98_99
97	0.00009999000099990002, 1, 99
98	0.00009999000099990002, 4, 64_72_10221_10313
300	0.00009999000099990002, 51, 1_50_218_222_227_231_289_290_334_335_339_340_342_343_347_349_357_382_384_385_391_393_395_404_409_410_411_414_418_419_468_475_483_503_504_506_507_508_509_510_511_512_534_535_537_540_543_545_10179_161328_336488
301	0.00009999000099990002, 51, 1_50_218_222_227_231_289_290_334_335_339_340_342_343_347_349_357_382_384_385_391_393_395_404_409_410_411_414_418_419_468_475_483_503_504_506_507_508_509_510_511_512_534_535_537_540_543_545_10179_161328_336488
302	0.00009999000099990002, 52, 1_50_218_222_227_231_289_290_334_335_338_339_340_342_343_347_349_357_382_384_385_391_393_395_404_409_410_411_414_418_419_468_475_483_503_504_506_507_508_509_510_511_512_534_535_537_540_543_545_10179_161328_336488
303	0.00009999000099990002, 52, 1_50_218_222_227_231_289_290_334_335_338_339_340_342_343_347_349_357_382_384_385_391_393_395_404_409_410_411_414_418_419_468_475_483_503_504_506_507_508_509_510_511_512_534_535_537_540_543_545_10179_161328_336488
304	0.00009999000099990002, 52, 1_50_218_222_227_231_289_290_334_335_338_339_340_342_343_347_349_357_382_384_385_391_393_395_404_409_410_411_414_418_419_468_475_483_503_504_506_507_508_509_510_511_512_534_535_537_540_543_545_10179_161328_336488
305	0.00009999000099990002, 52, 1_50_218_222_227_231_289_290_334_335_338_339_340_342_343_347_349_357_382_384_385_391_393_395_404_409_410_411_414_418_419_468_475_483_503_504_506_507_508_509_510_511_512_534_535_537_540_543_545_10179_161328_336488
306	0.00009999000099990002, 52, 1_50_218_222_227_231_289_290_334_335_338_339_340_342_343_347_349_357_382_384_385_391_393_395_404_409_410_411_414_418_419_468_475_483_503_504_506_507_508_509_510_511_512_534_535_537_540_543_545_10179_161328_336488
307	0.00009999000099990002, 52, 1_50_218_222_227_231_289_290_334_335_338_339_340_342_343_347_349_357_382_384_385_391_393_395_404_409_410_411_414_418_419_468_475_483_503_504_506_507_508_509_510_511_512_534_535_537_540_543_545_10179_161328_336488
308	0.00009999000099990002, 52, 1_50_218_222_227_231_289_290_334_335_338_339_340_342_343_347_349_357_382_384_385_391_393_395_404_409_410_411_414_418_419_468_475_483_503_504_506_507_508_509_510_511_512_534_535_537_540_543_545_10179_161328_336488
309	0.00009999000099990002, 52, 1_50_218_222_227_231_289_290_334_335_338_339_340_342_343_347_349_357_382_384_385_391_393_395_404_409_410_411_414_418_419_468_475_483_503_504_506_507_508_509_510_511_512_534_535_537_540_543_545_10179_161328_336488
310	0.00009999000099990002, 52, 1_50_218_222_227_231_289_290_334_335_338_339_340_342_343_347_349_357_382_384_385_391_393_395_404_409_410_411_414_418_419_468_475_483_503_504_506_507_508_509_510_511_512_534_535_537_540_543_545_10179_161328_336488
311	0.00009999000099990002, 52, 1_50_218_222_227_231_289_290_334_335_339_340_342_343_345_347_349_357_382_384_385_391_393_395_404_409_410_411_414_418_419_468_475_483_503_504_506_507_508_509_510_511_512_534_535_537_540_543_545_10179_161328_336488
312	0.00009999000099990002, 52, 1_50_218_222_227_231_289_290_334_335_339_340_342_343_345_347_349_357_382_384_385_391_393_395_404_409_410_411_414_418_419_468_475_483_503_504_506_507_508_509_510_511_512_534_535_537_540_543_545_10179_161328_336488
313	0.00009999000099990002, 52, 1_50_218_222_227_231_289_290_334_335_339_340_342_343_345_347_349_357_382_384_385_391_393_395_404_409_410_411_414_418_419_468_475_483_503_504_506_507_508_509_510_511_512_534_535_537_540_543_545_10179_161328_336488
314	0.00009999000099990002, 52, 1_50_218_222_227_231_289_290_334_335_339_340_342_343_345_347_349_357_382_384_385_391_393_395_404_409_410_411_414_418_419_468_475_483_503_504_506_507_508_509_510_511_512_534_535_537_540_543_545_10179_161328_336488
315	0.00009999000099990002, 52, 1_50_218_222_227_231_289_290_334_335_339_340_342_343_345_347_349_357_382_384_385_391_393_395_404_409_410_411_414_418_419_468_475_483_503_504_506_507_508_509_510_511_512_534_535_537_540_543_545_10179_161328_336488
316	0.00009999000099990002, 52, 1_50_218_222_227_231_289_290_334_335_339_340_342_343_345_347_349_357_382_384_385_391_393_395_404_409_410_411_414_418_419_468_475_483_503_504_506_507_508_509_510_511_512_534_535_537_540_543_545_10179_161328_336488
317	0.00009999000099990002, 52, 1_50_218_222_227_231_289_290_334_335_339_340_342_343_345_347_349_357_382_384_385_391_393_395_404_409_410_411_414_418_419_468_475_483_503_504_506_507_508_509_510_511_512_534_535_537_540_543_545_10179_161328_336488
318	0.00009999000099990002, 52, 1_50_218_222_227_231_289_290_334_335_339_340_342_343_347_348_349_357_382_384_385_391_393_395_404_409_410_411_414_418_419_468_475_483_503_504_506_507_508_509_510_511_512_534_535_537_540_543_545_10179_161328_336488
319	0.00009999000099990002, 52, 1_50_218_222_227_231_289_290_334_335_339_340_342_343_347_348_349_357_382_384_385_391_393_395_404_409_410_411_414_418_419_468_475_483_503_504_506_507_508_509_510_511_512_534_535_537_540_